Camera Matrix:
M[0.0]=         470.8995056M[0.1]=           0.0000000M[0.2]=         161.3905640
M[1.0]=           0.0000000M[1.1]=         470.3658142M[1.2]=         122.6039429
M[2.0]=           0.0000000M[2.1]=           0.0000000M[2.2]=           1.0000000


Distortion:
D[0]=-0.187116
D[1]=-0.479529
D[2]=-0.006222
D[3]=-0.004098
