Camera Matrix:
M[0.0]=         475.7628174M[0.1]=           0.0000000M[0.2]=         166.8439636
M[1.0]=           0.0000000M[1.1]=         474.6209412M[1.2]=         124.9022217
M[2.0]=           0.0000000M[2.1]=           0.0000000M[2.2]=           1.0000000


Distortion:
D[0]=-0.236503
D[1]=0.079944
D[2]=-0.005201
D[3]=0.001870
